130
16
62
15
51
OdeToJoy
4
4
4
3
4
4
4
3
4
5
5
3
4
4
4
3
8
329.628
0
8
329.628
0
8
349.228
0
8
391.995
0
8
391.995
0
8
349.228
0
8
329.628
0
8
293.665
0
8
261.626
0
8
261.626
0
8
293.665
0
8
329.628
0
8
329.628
1
4
293.665
0
16
293.665
0
8
329.628
0
8
329.628
0
8
349.228
0
8
391.995
0
8
391.995
0
8
349.228
0
8
329.628
0
8
293.665
0
4
261.626
0
16
261.626
0
8
293.665
0
8
329.626
0
8
293.665
0
8
261.626
0
16
261.626
0
8
293.665
0
8
293.665
0
8
329.628
0
8
261.626
0
8
293.665
0
4
329.628
0
4
349.228
0
8
329.628
0
8
261.626
0
8
293.665
0
4
329.628
0
4
349.228
0
8
329.628
0
8
293.665
0
8
261.626
0
8
293.665
0
16
195.998
0
8
329.628
0
8
329.628
0
8
349.228
0
8
391.995
0
8
391.995
0
8
349.228
0
8
329.628
0
8
293.665
0
8
261.626
0
8
261.626
0
8
293.665
0
8
329.628
0
8
293.665
0
4
261.626
0
16
261.626
0
