100
11
40
15
51
TwinkleTwinkleLittleStar
4
3
4
3
4
4
4
3
4
3
4
8
261.626
0
8
261.626
0
8
391.995
0
8
391.995
0
8
440.00
0
8
440.00
0
16
391.995
0
8
349.228
0
8
349.228
0
8
329.628
0
8
329.628
0
8
293.665
0
8
293.665
0
16
261.626
0
8
391.995
0
8
391.995
0
8
349.228
0
8
349.228
0
8
329.628
0
8
329.628
0
8
293.665
0
8
391.995
0
8
391.995
0
8
349.228
0
8
349.228
0
8
329.628
0
8
329.628
0
16
293.665
0
8
293.665
0
8
293.665
0
8
391.995
0
8
391.995
0
8
440.00
0
8
440.00
0
16
391.995
0
8
349.228
0
8
349.228
0
8
329.628
0
8
329.628
0
8
293.665
0
